 0, 0 =  9
 0, 1 =  9
 0, 2 =  4
 0, 3 =  8
 0, 4 =  7
 0, 5 =  3
 0, 6 =  3
 0, 7 =  4
 0, 8 =  7
 0, 9 =  8
 0,10 =  4
 0,11 =  2
 0,12 =  6
 0,13 =  1
 0,14 =  3
 0,15 =  1
 0,16 =  6
 1, 0 =  2
 1, 1 =  2
 1, 2 =  4
 1, 3 =  8
 1, 4 =  4
 1, 5 =  9
 1, 6 =  9
 1, 7 =  5
 1, 8 =  4
 1, 9 =  3
 1,10 =  5
 1,11 =  5
 1,12 =  7
 1,13 =  5
 1,14 =  1
 1,15 =  7
 1,16 =  5
 2, 0 =  5
 2, 1 =  6
 2, 2 =  1
 2, 3 =  8
 2, 4 =  6
 2, 5 =  5
 2, 6 =  4
 2, 7 =  3
 2, 8 =  6
 2, 9 =  9
 2,10 =  7
 2,11 =  1
 2,12 =  9
 2,13 =  3
 2,14 =  9
 2,15 =  4
 2,16 =  4
 3, 0 =  8
 3, 1 =  2
 3, 2 =  1
 3, 3 =  8
 3, 4 =  3
 3, 5 =  5
 3, 6 =  5
 3, 7 =  6
 3, 8 =  7
 3, 9 =  8
 3,10 =  1
 3,11 =  2
 3,12 =  7
 3,13 =  5
 3,14 =  8
 3,15 =  5
 3,16 =  4
 4, 0 =  3
 4, 1 =  1
 4, 2 =  5
 4, 3 =  7
 4, 4 =  9
 4, 5 =  1
 4, 6 =  6
 4, 7 =  6
 4, 8 =  1
 4, 9 =  8
 4,10 =  6
 4,11 =  3
 4,12 =  3
 4,13 =  8
 4,14 =  3
 4,15 =  9
 4,16 =  8
 5, 0 =  6
 5, 1 =  2
 5, 2 =  9
 5, 3 =  4
 5, 4 =  4
 5, 5 =  9
 5, 6 =  6
 5, 7 =  7
 5, 8 =  6
 5, 9 =  3
 5,10 =  7
 5,11 =  2
 5,12 =  7
 5,13 =  1
 5,14 =  7
 5,15 =  4
 5,16 =  2
 6, 0 =  7
 6, 1 =  3
 6, 2 =  5
 6, 3 =  1
 6, 4 =  9
 6, 5 =  6
 6, 6 =  2
 6, 7 =  3
 6, 8 =  2
 6, 9 =  4
 6,10 =  7
 6,11 =  4
 6,12 =  9
 6,13 =  7
 6,14 =  3
 6,15 =  6
 6,16 =  2
 7, 0 =  7
 7, 1 =  2
 7, 2 =  9
 7, 3 =  3
 7, 4 =  5
 7, 5 =  7
 7, 6 =  9
 7, 7 =  5
 7, 8 =  9
 7, 9 =  6
 7,10 =  4
 7,11 =  8
 7,12 =  8
 7,13 =  5
 7,14 =  1
 7,15 =  8
 7,16 =  1
 8, 0 =  8
 8, 1 =  9
 8, 2 =  7
 8, 3 =  8
 8, 4 =  2
 8, 5 =  7
 8, 6 =  8
 8, 7 =  3
 8, 8 =  8
 8, 9 =  8
 8,10 =  6
 8,11 =  2
 8,12 =  3
 8,13 =  8
 8,14 =  4
 8,15 =  8
 8,16 =  3
 9, 0 =  2
 9, 1 =  1
 9, 2 =  2
 9, 3 =  3
 9, 4 =  6
 9, 5 =  7
 9, 6 =  9
 9, 7 =  2
 9, 8 =  5
 9, 9 =  8
 9,10 =  5
 9,11 =  5
 9,12 =  5
 9,13 =  6
 9,14 =  3
 9,15 =  6
 9,16 =  4
10, 0 =  2
10, 1 =  6
10, 2 =  4
10, 3 =  7
10, 4 =  6
10, 5 =  8
10, 6 =  2
10, 7 =  5
10, 8 =  7
10, 9 =  4
10,10 =  4
10,11 =  9
10,12 =  8
10,13 =  9
10,14 =  3
10,15 =  6
10,16 =  8
11, 0 =  1
11, 1 =  7
11, 2 =  8
11, 3 =  5
11, 4 =  3
11, 5 =  7
11, 6 =  1
11, 7 =  7
11, 8 =  3
11, 9 =  1
11,10 =  9
11,11 =  7
11,12 =  2
11,13 =  6
11,14 =  9
11,15 =  6
11,16 =  4
12, 0 =  8
12, 1 =  6
12, 2 =  9
12, 3 =  2
12, 4 =  6
12, 5 =  9
12, 6 =  7
12, 7 =  8
12, 8 =  5
12, 9 =  2
12,10 =  6
12,11 =  5
12,12 =  9
12,13 =  9
12,14 =  5
12,15 =  2
12,16 =  4
13, 0 =  6
13, 1 =  9
13, 2 =  1
13, 3 =  5
13, 4 =  2
13, 5 =  6
13, 6 =  5
13, 7 =  8
13, 8 =  8
13, 9 =  4
13,10 =  9
13,11 =  9
13,12 =  2
13,13 =  2
13,14 =  7
13,15 =  3
13,16 =  9
14, 0 =  6
14, 1 =  3
14, 2 =  5
14, 3 =  8
14, 4 =  7
14, 5 =  2
14, 6 =  6
14, 7 =  1
14, 8 =  6
14, 9 =  7
14,10 =  8
14,11 =  6
14,12 =  4
14,13 =  9
14,14 =  8
14,15 =  6
14,16 =  8
15, 0 =  5
15, 1 =  3
15, 2 =  2
15, 3 =  8
15, 4 =  5
15, 5 =  2
15, 6 =  4
15, 7 =  6
15, 8 =  2
15, 9 =  6
15,10 =  1
15,11 =  8
15,12 =  9
15,13 =  5
15,14 =  6
15,15 =  3
15,16 =  2
16, 0 =  7
16, 1 =  8
16, 2 =  7
16, 3 =  2
16, 4 =  4
16, 5 =  2
16, 6 =  1
16, 7 =  2
16, 8 =  3
16, 9 =  2
16,10 =  5
16,11 =  3
16,12 =  2
16,13 =  7
16,14 =  3
16,15 =  9
16,16 =  6
